32839	346216	447487	754635	652092	802826	69635	790592	199236	765553
132015	467782	759029	650585	270678	691226	814911	262913	833478	844934
184200	492744	34216	325696	20618	177034	808664	382910	382181	479415
503287	497665	936212	746745	591932	343320	457940	868881	403593	992158
496377	666754	360148	305811	156634	492215	556017	297324	951106	187494
384773	262932	989440	362759	506354	787075	3509	780525	734770	24859
959704	671700	377803	409809	248184	235839	166387	750015	410106	891224
663710	702820	621104	575012	420421	120770	746357	664190	377893	563133
558077	761087	92862	745246	257060	315478	835581	654510	660016	272029
734755	23309	89665	886464	610132	584642	967843	662227	270179	751264
388969	208101	992021	700567	995547	94658	818095	452608	947668	920382
636012	394555	411635	759311	964872	123632	269846	147910	944820	21095
502325	335149	688004	692136	879165	970975	272298	495137	678065	543651
713925	351457	289617	603343	789382	851088	77194	322819	430155	355400
902551	9442	763203	384694	500745	311054	639847	125489	227216	95696
78670	817427	326452	755252	885733	819175	280078	936608	203907	928258
275466	951092	800569	870038	815633	284079	772872	622245	621162	747290
554028	776188	399981	721295	550702	964988	863779	309449	611756	692965
192720	770285	735848	195508	292035	470123	305725	931173	374000	667590
166811	487206	749110	714019	925242	543671	243313	418710	679712	791906
52862	459731	808177	838501	179314	883912	703640	744927	701156	573224
962069	78898	381027	432537	283884	674824	73978	290986	383739	120961
734161	583878	7784	813502	367476	586223	165849	918289	317284	991490
630022	585453	777318	674826	51214	629699	506480	526026	572178	489210
909939	59120	364684	597902	352893	803928	36646	754243	252551	818919
217255	603236	36829	918984	361847	262195	801575	572982	603474	914645
322829	909105	502794	186842	908701	366439	960559	712560	870396	973861
958025	8078	554518	32937	168925	672330	287387	464890	715303	69045
295962	871046	65314	907499	255352	224909	394360	51638	37888	764879
894520	601164	152588	519900	500225	160167	717724	620655	785242	676379
684555	954940	496936	620283	65492	653510	75637	319760	448737	933235
938191	518824	592927	35976	658629	925106	309004	338400	776014	181202
545478	923654	568859	922172	884216	17615	444895	173381	156062	10285
787947	990924	579085	695361	132976	992435	15354	401835	599	845515
525804	373961	433945	699733	863035	842024	568814	897163	382826	156941
649521	119950	34629	895882	682543	616276	401223	785639	285069	486896
61746	241308	746727	773021	189014	881634	987472	147202	749634	47078
419034	411169	437651	546332	731817	813225	694882	597323	113898	539285
555455	418311	165267	185122	563985	679080	787192	699173	595542	625529
46916	887775	889925	451774	214762	439037	50319	968201	626634	752438
418462	198051	123325	754303	846470	201921	114760	80733	151595	525179
33468	210339	168390	16926	360936	960523	88848	836463	260189	392206
453681	194888	573267	279323	315450	245744	655233	157514	519037	291676
109865	13240	865780	744187	611105	779222	722138	338770	99001	398055
619695	100077	828237	856317	625085	697351	643540	50629	168327	744676
15622	305860	78577	971357	606079	572565	742137	215573	56292	34052
607634	824281	568402	717215	969232	182190	255318	856695	820149	184778
412501	439040	833514	425916	115790	440600	478725	321926	936136	962837
793761	946187	468089	501698	777126	911526	463562	973824	974392	357369
65090	377351	221919	659198	862982	315436	334126	367943	805880	925978
571002	132433	530910	930931	738099	893258	444292	380824	906870	327034
664263	437147	898958	447403	150588	653366	287934	531769	988021	997896
185602	860811	488563	326526	508761	308626	949945	781787	612304	644168
798371	709213	815762	721143	813474	59688	317452	598041	413078	373582
889503	565088	798357	31132	939509	62156	146841	241181	144187	156112
842351	31736	62468	215740	53558	556075	202435	513489	72777	879898
104730	61294	749795	514786	766811	828034	76140	230730	316088	604064
401587	482245	597753	421821	251948	844731	225610	894975	834773	942286
744162	164756	898905	543184	149954	78880	371839	226114	579073	864797
446476	643472	4181	466651	176736	793190	129273	675937	517937	248614
620837	571360	978700	204706	483360	983519	381422	934825	893664	240621
889309	733170	841512	353287	619758	723800	904255	368414	680664	593418
794339	577038	981751	940609	285240	728466	932744	868402	92430	733407
552425	860566	37790	19044	956991	835936	335754	784276	770498	363086
43115	979799	240865	543009	965074	482708	867780	69232	679372	788634
193493	452066	75372	623398	127733	898538	24916	735010	514074	878576
38331	363586	282128	258288	681718	231960	926683	312736	773572	975491
495420	690107	893978	848426	864454	857878	907813	922515	866361	891139
891251	805392	502227	495581	445852	764475	744785	8977	676228	990813
472016	382128	451883	262586	316052	670567	667799	552522	71775	112011
451463	99514	640362	479248	738570	846581	44042	822910	501410	600590
219241	457154	596366	365257	147945	835165	742115	436062	433204	137968
840191	143765	280294	320565	941505	443873	998856	678873	207334	583840
205421	960407	492861	413983	62621	338698	266766	189456	809969	122251
464527	971654	1462	901242	737507	693490	85697	477263	113563	836565
903619	974869	204527	171457	164493	161757	359341	306777	352606	907971
329888	248759	518750	600746	997079	642865	92752	871355	166387	591984
440048	824677	812028	790138	858026	208852	87450	369155	113066	954828
196604	716193	280118	959077	644333	149073	200434	378652	698028	515333
758617	46700	37931	156402	779952	605916	5328	66843	883172	549518
479859	796230	576894	610519	418686	467224	46222	974434	541171	309361
832938	41701	433516	12687	133024	11914	669439	103694	819237	199488
10177	709205	368022	121691	977432	368158	416105	684676	252942	196418
296130	776218	927041	506953	893499	704861	767165	150957	398031	518263
832914	996603	533580	983650	42811	895484	594925	237179	196115	639643
394990	175771	175770	702371	444319	229126	914233	698876	459228	703081
645179	266347	220084	773723	526259	94724	449883	848850	328454	2256
152689	211422	362219	393246	860392	213123	573787	116848	393759	25884
329560	102718	154036	322853	758241	74286	8101	443037	993065	108218
428862	475011	584500	496829	686702	493443	850104	53165	38410	258741
704707	904304	747191	465179	526151	630028	213659	469758	175075	369130
261755	676481	715039	677438	866874	363522	210249	594854	747101	73146
941660	344221	319190	315125	461760	292840	143312	501058	333958	386656
38156	493601	335330	414857	888884	519210	450279	140432	778010	772144
608541	630829	253129	616476	382403	209058	287372	863772	583057	779726
592684	66215	752014	887825	973742	241553	962763	358099	180943	52841
655163	959349	98805	215610	907727	6215	566376	855417	194196	689872
345608	64873	527547	203235	63609	547746	563604	965192	438221	118221
628250	246055	971402	755786	55089	198388	632665	43710	582101	408796
934508	114023	733792	127701	945044	869493	297979	528437	837403	592476
639945	2551	60581	963288	240930	260791	500483	929467	294178	947768
679206	397201	795579	998226	453243	444539	13370	224463	683975	443961
722535	473115	973761	292056	915765	908639	569065	348190	270397	163136
565948	150071	800717	491303	766455	514116	150243	367379	784168	418874
153813	361343	3504	927356	913059	374264	1535	711695	898565	290703
921413	958550	349831	610428	32040	23667	480414	994519	169016	136776
15615	366738	375135	950483	641672	788983	600780	634529	344888	182947
811552	948736	956026	375849	351024	689342	144966	968384	979728	382803
102841	330868	223043	204343	695819	386368	266086	493997	82662	962070
512656	884366	209562	870543	158484	214733	58037	478312	754090	33953
667680	648555	695571	307377	256028	370180	920528	376871	656140	557750
970891	702353	280630	423243	460339	591096	374290	266334	36929	628637
382989	401965	808025	365308	683422	655215	283586	751185	369559	876318
680116	6904	686328	651810	359533	632255	536779	375773	126638	688771
386330	855166	616285	545353	188456	178501	189553	406304	627764	181692
139154	567909	976981	405723	897701	351813	611528	133771	894918	518287
660466	115636	654874	401413	709950	581666	33308	662985	36539	461453
680444	763050	196413	278880	365063	679537	697415	1374	285330	48149
705458	408692	107096	181870	2992	430659	681976	687256	771833	414895
390689	596389	739982	866806	292624	371590	841517	907584	920882	891184
225083	903774	515144	936299	194547	515766	117300	878441	330307	45473
705370	922910	195238	716818	205995	685165	211077	407505	490673	249290
994053	58914	415919	232464	6453	72565	614843	3870	392862	84095
56588	876873	93711	798887	531371	457146	283396	432793	995231	929814
490023	699768	608402	119855	60070	673493	820289	922970	407679	290453
150987	587639	588072	69165	257438	364650	401690	440358	365072	687453
933489	348922	688262	759221	568416	724490	717139	833712	645872	638450
198572	200294	218033	20773	365523	446509	837251	383897	369915	80620
439012	605792	743457	378340	406874	881463	844677	362468	353924	89387
581503	823826	887152	309561	64772	874342	511249	675074	776472	837483
294491	482505	874943	426547	404752	584438	983553	705847	612613	133630
396881	203460	721202	330751	447634	780443	805971	534559	494924	284759
369016	354932	621439	887799	849210	995021	444762	739535	695030	549228
59712	655270	749140	140385	755158	929431	70233	714356	422719	794980
317137	910995	269220	595698	224208	755091	773040	835561	647898	992336
252187	389199	728820	93635	920447	399492	706365	321019	375482	753189
98937	166648	223840	359764	687014	835766	116092	287468	139158	570143
110717	224881	836828	738789	928623	674377	431890	438353	277120	641446
501950	247605	671887	901204	701702	586740	171799	510733	326751	998621
43839	465350	730555	854340	267850	495079	925539	200208	231306	332369
215473	456370	650629	100554	272642	143947	395218	421695	473712	298252
951419	101435	109748	46123	141273	409779	866684	822420	260292	722856
86156	303706	928806	660316	448487	373876	856392	396260	583705	568312
389064	376729	363081	582154	402404	310062	975272	659083	895753	302818
884184	446920	591074	149345	50499	272139	37057	220317	947515	768147
461837	426863	935990	677409	193564	76115	622159	538330	634046	889551
821377	602558	760053	10966	81796	245226	552213	292767	508631	900763
366986	996306	833528	727056	189006	445373	730593	916506	520014	492008
755169	955158	415372	636047	595857	895787	306082	941254	172816	783371
567968	389858	338880	454079	81090	288394	336127	245097	586329	958385
951631	680773	814156	984229	375034	472908	573803	835253	194062	901936
311758	141165	562394	308720	976472	61023	662274	739008	653076	150998
300755	315473	364901	117235	870666	761390	546836	882297	478228	353075
478360	85630	315144	815726	473426	432929	24778	503326	219022	53191
906405	792252	482500	5232	154604	80026	599711	349760	589858	129702
761173	424393	299969	490738	656694	683389	349226	665013	840474	910245
185077	900899	289633	856961	618719	696074	778696	104703	491456	829414
7940	143504	917189	768845	206918	178628	53167	610485	416949	387821
617417	96563	95223	71906	716040	54764	239278	363549	317453	755462
300083	103936	592194	498414	413255	815119	808696	124959	389543	841346
865195	627645	191290	721132	16353	910776	710375	321234	294800	40919
880612	909916	724625	678610	866826	162201	473432	742978	592825	191388
577972	898418	732720	767016	639124	276411	236671	869946	388803	875676
862680	291998	125198	664553	84265	515403	373466	200392	125442	168104
288416	580573	2358	808265	44715	128213	328283	8256	534932	556786
747838	823621	614897	420934	757996	216632	507582	798489	666458	90594
42233	317931	32053	734519	433649	112931	720289	627259	385816	659359
128557	725994	94053	984894	155301	490628	352749	900530	436076	68704
954725	755103	708636	508396	981476	150711	292809	829372	575688	682164
297736	266057	776032	252149	257730	345954	471852	425913	83109	316909
489999	649384	452752	154500	336219	843809	339021	14670	571655	313060
953825	840615	377465	122865	522657	838276	395958	74199	412418	679274
965387	228635	237962	251096	634597	848155	186369	422542	185063	134274
69463	342105	917842	374401	150582	236516	818384	863682	177329	409614
526865	386828	640125	811349	530337	845837	989084	563066	654826	132777
443651	726777	666527	239957	590313	50479	184912	652803	28440	408115
169627	457983	744512	451720	245843	103446	789825	414786	578892	195484
100479	261727	55444	513459	337940	132475	886045	77913	216042	743115
932530	764890	519468	974509	88384	652228	820794	590451	743279	53773
346502	299423	143540	566131	587212	814749	373095	65410	737849	276803
491493	196098	343687	246577	802068	439317	133327	942400	83083	773240
958966	940036	654462	266016	406124	724224	677031	29380	639029	450378
262973	974817	413773	902942	596150	985717	961661	731147	227904	620896
52330	599059	649044	78239	142003	584553	235164	940103	767555	798117
949630	127892	419687	460166	801565	328189	294264	622458	997140	808379
320984	694436	998465	425845	914247	791017	800440	353834	289281	981169
676457	863996	684101	133101	203357	702566	693020	963056	705624	183282
776424	596074	111461	762770	628842	801896	686548	348693	211632	582745
164045	21087	570755	387280	579012	129537	702748	834082	94574	464085
999619	30381	304759	759797	224001	737148	378393	920707	468155	286083
291661	287680	724436	701508	394445	639841	924300	805220	962745	99418
662564	22553	166162	724157	44033	210353	567748	745943	384806	259772
122454	507678	972360	319111	442106	489383	831946	651312	281260	587604
459596	157065	687926	170605	914783	615324	136054	41554	246662	652188
933734	42656	145232	398228	537544	986885	147705	668555	52893	157581
737052	777560	887215	717097	340373	777589	970519	133849	317033	219030
928689	161914	397050	957047	698020	492221	375570	562097	35387	245819
666132	348227	712393	37776	338740	667269	18854	269565	404665	507448
736058	683987	723982	773810	444918	233419	937794	190887	398213	233572
365532	630298	560757	115377	716233	677045	118054	355495	351748	974060
161426	621530	396450	56344	538194	401408	843407	116056	637534	882912
742963	334403	515941	46363	20992	266237	680111	475044	159444	617734
238738	247632	716474	936744	511858	854894	435732	91388	847380	462342
746656	37746	347562	988712	426558	713261	348482	54786	735363	127162
807201	975560	202172	458160	334314	75063	396834	614275	402151	418025
842756	517403	92651	119694	76232	397133	66214	109591	656927	17162
65089	746634	44170	675789	672063	843238	173238	895893	328916	835681
214973	69883	841601	198693	665026	573923	396196	604082	602479	890797
317746	333118	906136	222745	740680	584515	85648	832047	899438	441789
362525	736853	267942	957567	699486	428567	449772	704479	465920	420309
291160	982409	311280	219598	54088	554397	252478	633787	595274	559559
54678	710712	968315	708597	503598	396196	872071	494042	284703	717972
661977	995303	779797	585807	486523	868448	10215	611063	483124	939180
950454	121790	6021	164804	445288	659794	885932	789307	352149	699676
402992	822931	284146	33935	866470	828295	110767	250442	417318	837318
142100	800388	128900	820847	62523	917	457526	846397	354002	288642
931783	533866	892072	20635	178887	217701	729611	147901	65377	445505
278231	196478	524754	559326	575535	980013	266555	366074	210054	378508
288675	391528	677073	927296	995715	723142	394218	18899	235986	240318
263185	335949	958660	978600	745917	776361	550042	275505	295524	354502
331947	508136	301896	375716	701719	591128	824615	718563	655080	597361
576350	687939	794303	807300	80668	504531	31897	258193	720066	85249
102022	350729	317777	890834	537874	4641	32728	604839	482191	474944
754852	464088	620556	635636	795827	88288	472516	161678	314371	147377
440112	812701	647825	798434	907381	343739	863471	587776	550282	187190
613025	865032	321716	385880	782815	841500	613951	65350	270687	827013
485619	273072	25494	475626	9852	693619	481880	246172	96133	642936
648828	910881	482387	647528	411029	834358	937149	202260	210341	437409
985548	814276	507962	868350	430409	166440	740624	74162	305452	717414
150976	784221	201657	368482	482338	609394	812690	177465	322051	789518
664317	452660	621213	845174	792423	253083	818332	156930	752170	318741
89603	969350	323435	88330	992575	763890	905802	174628	600630	840815
395497	622632	190733	705918	112538	633402	847143	329041	562945	993676
352313	885379	41810	80926	20161	687313	58153	427317	777948	466027
674469	369762	981360	389084	26256	161971	789493	842771	990472	665265
398530	42995	559484	925915	356087	637740	738026	174625	499212	14154
541138	393320	752071	776134	700224	222013	106821	816728	182733	687859
112951	960532	39576	858746	179604	999331	475656	779006	306878	451666
641543	429585	792926	517367	870245	444088	884985	726873	251547	343814
698212	510332	360417	258148	201998	117078	301786	630218	628057	639900
79132	327590	892727	183172	228480	440573	482605	944508	309558	179842
798096	320529	415978	937758	869675	3339	59710	224287	140464	454550
946789	542767	927261	647042	49888	841442	269991	358094	968747	601645
398211	946487	457540	191201	595202	351687	905813	297696	759530	562369
140943	327050	759029	56117	927504	117077	881853	995847	926013	455534
318376	965904	515683	454498	514984	451018	335589	389037	434910	506016
320038	764364	795686	88944	99214	461485	266487	479759	636902	336196
552340	779872	241495	835467	51911	80973	290821	356891	128433	267926
739121	410411	953149	833190	923213	495689	844671	497255	611894	225697
250603	774678	890022	123004	370832	952996	38097	438214	891630	938049
195250	301472	574846	114365	252609	350946	472452	517326	425240	366294
933751	561926	244611	138739	365141	835191	814761	310622	488932	156098
932016	978345	782907	120247	29845	430955	918663	132036	355913	971677
269916	434876	814785	30637	23020	872099	704972	671787	220560	506108
701538	21359	46673	320265	574552	141377	629098	265993	352391	26148
128271	180132	46006	828933	817247	123246	696686	565809	715466	244898
165815	337296	301701	530587	822558	307712	832677	452373	853946	408989
990936	667009	535999	967461	571244	236189	963324	159894	358563	183405
160341	291334	878754	885961	311119	555547	35840	120707	148871	655809
24593	423244	341710	217206	399365	380033	584356	287940	326633	499123
795831	539290	173960	700478	604095	719004	316807	133502	47828	368396
775206	667902	532106	336857	711683	889144	325561	980391	131933	730951
700165	801637	473858	988818	924423	478019	809338	962769	338710	386563
415860	294007	100639	54050	284165	456844	553899	430655	365743	912335
977801	750033	518465	416435	741200	56293	289586	417191	651045	248664
150797	308914	939143	336502	267390	812497	785392	26372	142897	725428
106769	126527	915935	885352	102429	320329	611999	855611	302603	429079
135989	631707	912379	796067	327339	756729	66953	86560	844897	757555
612505	1031	614203	640548	77160	673610	83081	798775	923359	327389
999653	12447	518031	156390	164958	773243	3814	915967	921832	108879
632549	479319	9060	763376	783006	692727	709125	386799	569722	302115
561578	368930	522355	761207	849664	302261	65140	44613	459208	587441
50129	451123	625264	185781	439261	467960	815590	424420	843533	341567
993563	389430	194571	822308	56625	2190	586074	174616	841664	275717
872010	702746	409464	424887	404819	727188	590058	805090	85868	165012
643711	722687	5451	68831	880960	331155	27294	933732	194567	989326
289973	333812	472332	851260	864616	778738	85383	167796	447670	714907
428691	446729	644684	179244	989884	987627	56837	479055	120819	122251
135033	500231	106111	423213	500057	569417	370994	827797	97811	225125
455842	298766	816414	57517	454055	385542	647884	526545	164924	211123
526376	849642	509182	139259	391016	85301	565354	343916	627477	111149
760852	477714	218659	751030	164965	829781	547359	947231	126070	279585
573974	633472	259589	165365	286245	601617	43858	294245	800977	630136
152710	138365	673112	38562	728856	523507	306652	442059	240920	373156
144891	401057	582523	771946	119281	761406	282935	950656	19580	157116
212443	877175	225138	277190	59471	221479	953604	481916	154476	150630
652152	432890	142050	225135	487425	443686	496060	959164	122628	56121
376401	707265	920009	433443	955949	81038	867412	732033	387866	488637
650837	598364	370091	730520	556289	122236	392165	870540	69696	157079
925056	384818	532785	460150	714629	469987	63369	777726	573849	522238
408841	139888	655708	639670	630362	703016	511883	967457	748151	483712
840585	545241	697939	23457	608456	215531	405596	864785	294499	342888
829915	55806	113583	902709	653914	963350	976670	672533	617512	747709
220841	231542	39471	258266	638583	951062	670082	16236	256635	881303
297071	393181	502527	998267	54808	733141	381322	756227	690798	60167
348348	51472	199654	810021	647	332995	111779	503333	96045	318683
142350	860191	392247	623212	674939	208535	381363	154982	456178	983397
240194	255694	752937	160400	532742	414136	515935	415136	48149	302483
138762	227903	618619	712325	593508	857783	500949	387274	70470	956261
33830	448095	216467	877621	298335	151679	371548	697472	633368	670493
89668	396691	416994	384194	486489	608302	564495	494042	442828	137698
800466	785989	269148	867854	968001	605784	460838	408025	638282	448743
393036	492161	309678	933315	313006	304595	503474	546344	712458	533060
480886	806416	359608	937287	951144	709889	885597	375141	729176	845603
442513	32092	216778	482305	491802	427580	926001	447891	580939	65109
448728	525966	471309	290072	245386	332766	754849	207639	42896	486142
829012	413749	831476	780235	85010	177408	440943	474375	597133	653164
883626	16436	615019	741377	149354	784932	391302	535940	310455	998357
520357	94217	206053	769170	950445	407835	315030	65479	757117	220765
481425	856906	552460	519331	839808	74551	658063	75871	308193	584133
474202	457606	607274	882604	856349	58027	510011	765576	665537	28418
442114	418282	905848	240875	571821	278585	467077	736535	905436	667350
227938	840326	99688	544895	521325	18638	469313	825501	290406	533392
967096	428461	574916	347873	565309	217548	333387	194437	609585	907472
44189	490330	854126	603588	191694	373370	840839	209618	254013	459497
535500	841626	771964	426871	486951	894433	655220	467701	403240	236721
587652	36778	713529	304712	980271	863335	491422	458162	269099	432285
705465	972694	910471	637030	502784	754039	278290	771747	145633	253496
488797	146416	63038	20365	204546	455121	869872	530433	519678	991613
84952	582305	37934	252389	985881	802903	676679	351230	360999	610720
565089	472433	605792	434245	555275	104221	319847	688505	836494	308357
217722	40530	259178	173845	615220	448287	141741	98564	107477	438179
773751	102974	252127	678599	148756	644340	362118	304829	210454	721396
13949	53293	939271	574930	722709	781412	843104	469693	641526	251639
313456	127185	219368	900873	554185	889906	414154	243189	526729	494959
494691	723234	896304	335671	836224	983487	222351	724660	561444	124157
84588	866342	587013	784988	13346	99198	194164	900469	906527	247441
135951	889598	386734	528926	715007	919877	21336	947629	703048	736479
460204	614826	394046	485875	269467	905655	136387	560397	768616	34831
298366	854977	492823	831147	453395	67986	165881	259599	939244	431595
826556	798771	843131	767027	129379	819783	900773	672450	40142	116309
475998	902355	533036	641416	140179	865298	172591	437398	388169	963243
12621	151046	531720	339208	841249	314940	45033	238148	431565	388076
195547	866643	757978	389621	509137	437389	71057	848117	995283	164517
981090	187302	29657	296223	802811	122269	544249	478629	634497	154204
218347	521801	517398	737233	214717	408943	230365	281376	343964	5187
298670	292623	29906	685669	819784	139697	78051	608708	247024	176494
838388	649943	119619	655777	556122	610967	297505	724796	938394	774068
653100	729708	847970	9380	512640	313209	418108	108322	641423	54527
885667	344024	303300	850833	447723	702950	895107	342638	687311	44832
418821	8802	435324	57737	625213	94647	588899	455741	492245	566808
430844	882421	539245	449346	845529	481024	162040	568222	757527	316052
299343	881958	791313	52563	596957	610660	7127	430143	923047	356603
495346	778948	238656	540829	365919	378013	548294	108276	679725	305630
917396	301943	67425	85104	640768	712102	254096	289158	151123	380546
969917	257654	842753	281344	956844	34921	497278	313452	77526	633574
685570	19058	985809	997980	852107	28563	696176	764274	283818	710094
439947	30189	511843	25890	152086	439800	851611	404161	60920	147223
907105	785523	651476	378375	615249	233123	971975	586542	524401	480902
858637	696824	902815	241993	613689	814561	372603	202703	241651	643582
972831	948159	410851	453310	792550	97958	51815	69531	264466	853322
579068	274183	947830	896563	163882	510382	928105	161050	49320	834709
678479	113238	516786	533870	308303	397553	106016	352043	547518	557317
221187	663064	831932	244986	40313	174404	751197	562040	802403	481690
420397	824781	432794	748530	379911	440928	855525	471151	426905	608854
353710	558192	377500	964175	468858	22307	846956	172920	740129	17625
892114	279133	703168	88030	805709	314568	621594	336303	344502	48143
341006	906949	920645	352829	564706	440980	656099	459050	563415	13510
190880	935528	334025	840302	693452	949039	827282	848827	519199	713026
150387	500667	148736	48675	227259	361874	207387	535879	542466	711376
114157	962096	479792	299502	570073	538810	685502	44558	706437	381946
679872	775309	297507	275821	948639	699784	753515	560451	233061	677314
838057	416902	637308	36592	343	838012	673058	846723	432166	666993
172913	644716	572418	633973	810528	964677	914346	879963	945887	822116
965563	489031	540773	489514	487611	688326	309987	101256	292338	614540
949471	200055	156953	630079	629764	386198	392408	834747	352902	567973
145009	627367	841345	534206	745692	797344	483600	457254	647581	213989
253953	841909	832639	654121	587263	837536	925766	143574	929973	824890
778832	15338	367956	577064	605210	587594	72001	297728	556920	6135
72031	377420	151940	254554	77728	591742	245040	155507	246276	294241
807936	642120	396218	392330	736751	920569	482360	306453	747589	148029
6559	187378	199321	597316	111821	51853	933973	261816	307690	560121
933307	269527	13419	176280	644937	180029	813039	690410	827376	3445
518626	298487	904831	110837	410850	399188	675283	973118	725942	267746
216616	77728	123619	194836	601463	309229	559973	407141	857531	686835
143277	767305	753104	578952	478671	993848	163788	815247	754697	96250
337972	301402	266862	653408	697154	967694	740762	79729	92643	859543
646712	207737	999520	160416	748577	605175	96742	818232	949069	822839
592309	64693	197715	172202	467269	851807	523638	404177	939525	471711
587689	785099	694482	823395	93610	311172	612229	276336	560785	358397
841493	91522	927798	816695	745352	561601	491595	633915	269173	482975
367813	948343	148996	254035	284993	704855	435647	645107	990835	20370
776163	232081	177915	694231	275902	220648	70400	68878	426285	987364
987135	474314	642151	274103	649614	604799	566437	738447	198036	290908
252944	692060	879261	233035	705260	43049	472124	420420	379119	402556
198830	554592	86743	349381	693932	330256	390219	324595	894838	9015
280681	661476	14625	905341	887476	237167	58608	307848	321730	63081
694916	264674	538179	785252	529854	210899	773073	746650	671270	716566
82653	326131	284322	140898	331865	791409	135216	502624	67134	407536
579839	39677	861478	173961	905501	883757	710247	447195	666019	401084
153466	998063	879636	261350	56261	622856	138991	68439	753499	646495
778048	85196	379233	96318	370161	794247	141552	282902	872780	145920
736872	399142	936433	616211	783397	485844	646149	553378	310722	415572
521851	113962	298509	724337	395349	103383	598102	740287	119949	661555
951690	458296	431173	394927	844286	804965	93654	173884	87507	995995
748934	154000	415300	294094	625999	87104	133911	548731	810763	318655
254190	930462	319493	629986	479152	858127	977644	635205	597062	331215
992705	242325	638330	842566	880137	608030	290114	632150	582225	777142
921839	167818	811868	227886	198323	504927	544474	907765	473523	528199
275884	837178	815650	336015	57072	56416	766965	343438	756981	769138
829834	768152	619056	911767	936797	822154	175955	385755	923526	642754
160212	404058	454515	991606	201837	38587	91370	210361	947313	760400
588451	966480	868379	605365	323357	850313	428332	933908	521424	728864
455893	892958	236953	59354	27829	942143	325745	337229	190969	858034
778046	233895	449688	10412	277965	72184	379874	11548	561853	475842
797138	355207	262569	505387	474712	754233	598628	102530	601207	852034
243768	425571	807452	228489	161789	580817	784069	578181	632856	883180
723905	890503	63329	939106	518874	384077	183183	910457	635753	732252
544657	47187	846835	519166	711088	795908	741628	431978	860204	96222
664245	416677	872048	696771	284069	99901	971899	817742	419939	946499
667978	644041	717972	590992	753782	752740	978559	289656	973704	877383
107753	12848	281796	455442	247979	283952	218546	646624	47253	170558
768995	668723	310197	778641	730121	832022	108793	261403	154483	804168
265175	580236	327184	43544	762523	997254	403744	739529	632529	959044
441475	285329	831057	825004	254872	156160	700815	899133	364918	549694
812409	323301	360690	553812	907159	557256	807847	949198	572354	122021
440752	105863	953500	16899	515352	433091	204486	210960	46658	728905
731256	641473	96662	930525	152811	472199	518508	736575	231186	716024
883820	649498	611313	232853	742906	377080	938380	505627	315104	561250
191867	908678	329182	932130	26636	314672	610860	4953	971138	151345
214680	897116	738000	6856	959401	667237	595876	367764	646432	718306
974738	427544	924886	230764	663661	130837	69844	929082	678369	856738
212744	460879	197097	940583	552401	906852	324576	393193	908317	682693
887902	713682	779734	466794	406068	487801	999011	108752	77193	408291
426300	7200	654404	176010	900716	498370	651290	875011	443765	870131
751901	747711	756052	347488	727654	547557	835636	399156	281335	659133
324499	196454	375875	18445	127077	222955	382653	423116	337983	850656
181518	363382	161411	303805	761193	121711	423906	134077	199959	742252
481739	502292	89148	671655	301677	302053	586346	987644	154103	496372
77506	148034	914495	964874	118837	284216	664416	855662	722372	930201
519034	993661	43954	449950	611613	570117	710592	702937	519897	161212
125272	346471	922150	820563	950288	531573	197660	688166	815060	567026
763517	692151	976924	937032	452483	632162	982685	547815	361818	676583
28490	527792	757658	401619	225438	474107	631448	318794	372788	470315
478704	788815	535235	149130	451074	457987	533103	796938	430320	100601
744697	183045	59806	482086	188702	814867	125814	719884	846600	759055
524030	909975	812972	909735	548599	509335	126989	345014	299288	691494
633106	954404	401563	323075	189805	72347	578688	109438	734102	670386
286925	562750	152555	403559	702507	851941	429404	587803	91265	848283
320199	519213	400463	830794	168918	604219	358335	35324	32188	985303
499861	4545	746464	691772	421988	928139	469402	86040	2415	501537
9136	399516	486965	708667	546224	250542	806870	134900	308604	79300
711010	956645	713642	17716	243317	520215	27625	580382	611112	872805
279700	997165	60164	674190	117640	851484	785674	409806	470500	705034
326606	722564	49009	779989	430612	504719	795062	639670	74125	887940
958905	507336	651007	832152	986705	346419	987346	95529	628496	25029
555840	625328	859362	339944	925546	484569	870600	304384	72973	842291
743548	976464	276315	92822	29300	70110	954172	371553	335815	640404
750582	677895	138046	688485	777663	653771	655603	110600	316516	307487
47969	630372	464867	48450	529749	475037	504095	616345	919033	427045
206314	236240	856457	285831	187709	368245	74325	224257	955886	552067
887871	854832	230092	930436	884602	511590	175647	183029	513854	764380
432700	560875	187785	939543	405227	555533	384431	251673	485755	586693
90559	335256	597834	676828	516221	180415	913239	183810	464658	985406
387633	33170	359513	38126	359542	903002	624873	998411	105284	715763
516891	544163	386776	655529	698620	736246	183639	82029	419741	174906
404663	790764	911477	980020	757154	116099	688263	582724	499429	513545
459820	125705	908362	780635	576468	143954	808250	804816	931351	196997
668068	289314	232851	241771	478671	992407	146913	399534	455464	77371
664432	13754	572104	702115	903403	955923	493026	734368	446011	255058
95254	690642	776894	437902	796926	446506	806027	772786	827556	607192
185461	558672	536376	13134	996631	833887	505077	85437	35966	849321
132307	211464	221919	63097	137016	162954	579005	516699	886161	570209
968449	716558	412649	619947	555197	866870	946350	285937	226548	389190
368276	287583	407915	487000	450658	551635	750047	37183	712125	107436
5371	67252	147051	596767	89856	141255	788147	373714	64311	155691
674282	726174	873637	59947	322887	367070	538641	866240	743213	577300
213362	217533	766762	748495	647846	111374	895745	731815	267712	944781
249822	558675	54755	189245	998479	470628	610095	429122	213869	626193
956685	420833	410426	806931	771501	759057	763585	706649	645918	258913
244011	690820	898873	207096	426086	938523	384349	136000	605177	284238
65473	357068	836720	98837	386691	975161	192642	724491	135758	105848
878168	463682	864906	31883	140137	935770	590593	221929	121286	676754
888483	586215	586518	637420	984650	475930	892810	682318	569205	972475
742370	209889	281069	768767	288729	445846	557804	433163	735183	715450
292182	635981	135131	269159	879637	93616	78827	152336	22113	684893
644004	718984	946291	138063	211858	393180	1336	160696	54971	280694
363127	898547	574238	201763	297372	264562	836329	430994	774173	493963
986913	91548	97040	318137	219627	609638	468752	989809	707416	812283
820097	942736	79990	55188	426094	811533	275722	527359	223746	235345
536329	292755	75144	291250	117100	503272	871880	394310	822205	283133
440346	496052	540007	292626	425176	941550	208906	218640	857752	7443
463393	451235	44953	965698	433583	362692	549705	813248	302203	149042
914269	156314	601628	836035	9858	473460	817820	532838	579636	792587
953381	537050	19787	421809	368824	701030	406719	240227	828084	515679
381981	141942	265618	154853	76303	364088	341700	679795	509320	475821
127553	80216	569305	881388	484321	941972	319965	371858	977200	614771
901901	472314	206511	396240	337789	243551	448367	455508	118236	521406
981451	738242	533908	101867	628785	369872	361942	622411	851911	80459
890701	903281	489966	102535	236137	169703	238281	987869	962118	815332
429213	974496	902408	336774	421925	910157	156289	164066	128040	117134
971112	760752	269036	518973	546165	415125	921	632387	302098	14140
686829	223253	980106	62634	711730	845019	553026	443353	127373	856651
601017	980294	399367	201752	21972	60602	632065	995085	226901	569355
908550	166809	611993	278970	111127	150893	790421	860246	34458	622921
845288	895378	932742	204347	277386	766936	990114	466271	976151	972310
717195	304050	811436	99534	593785	829641	744357	489499	397014	146918
58491	952550	638065	457375	525678	551001	807740	716729	664975	903356
479579	404913	850705	109039	328500	684881	437655	815454	115003	816924
388904	906515	437531	91327	443917	619058	341156	296888	667023	973230
615906	622014	253693	588532	428373	549441	164615	206919	867730	454508
220047	168934	706529	791476	68997	6732	809664	619394	229750	523603
939546	860459	33172	903834	520345	456347	876501	423537	364286	109594
824794	709275	694597	619741	182088	281897	300457	935881	617954	724279
810387	276547	174972	184901	438309	468489	107410	781903	507473	610025
779864	481374	856375	775239	292850	306031	732347	443771	741750	374631
938741	931766	941720	554788	535128	408220	918506	539062	48435	142865
905229	536402	88747	589584	589470	17872	48459	904510	25584	446289
93882	989730	701326	252982	226659	690769	608798	920998	765725	362334
401571	598412	323473	257858	964288	632303	285696	41679	627036	846430
588317	684648	859758	694367	852215	777504	430295	579750	124606	851685
98807	993525	549275	959486	976848	561989	588338	459073	777822	888500
210807	189952	410284	786784	620462	749373	911280	623843	687283	340577
365176	843871	956778	927039	562481	766866	37083	52851	204176	262693
444698	122251	620734	401213	891189	465826	235650	963846	649056	823733
234288	804081	718354	120182	295074	958534	514054	506374	883489	996475
216010	534213	780466	946915	363611	856906	700219	955230	697759	769731
24115	707842	633959	641792	288260	422391	122424	810842	893439	226423
841618	267615	662513	126162	192015	450185	107845	46644	234705	555775
66278	89676	382296	499404	841300	247077	269714	684130	853181	694488
254210	732151	627179	594636	836011	356169	46165	722969	384880	830638
140632	771248	801537	697765	107447	626804	800784	401900	142046	771828
519592	899761	727347	875845	59496	553768	121932	504529	525977	556042
506206	944625	397247	453889	914386	640279	692709	999999	625357	495357
170068	673386	847321	714197	668914	783901	91762	805866	101494	151201
32219	363652	731771	300083	949415	121070	972602	539214	685455	400963
30744	686096	672655	638828	401485	59534	109293	265054	47237	513075
290926	268280	251786	802529	618185	864587	833337	329050	708416	508698
54577	46721	236536	206683	22542	563328	159584	918788	540222	747196
460651	172989	997808	621300	178060	563808	213368	647330	152666	543679
653257	371560	397359	321375	195047	556258	576747	682325	525960	600124
4156	383569	63349	315583	959368	788109	21111	530425	323850	466936
687500	597799	536316	157595	994865	786950	114347	903949	997286	296779
740593	356169	274282	787796	81556	373757	810129	539622	744402	227921
734481	795731	824056	189771	79592	32243	694723	86663	451285	955163
874662	198990	463440	254990	121804	137652	627215	443865	840343	223325
679966	9502	421145	124225	534837	782155	926402	177994	570698	481176
273345	635434	47666	193783	312577	177412	686780	347684	391313	318925
47294	821633	761335	477215	513707	185389	281016	439847	893983	163253
756290	428562	264705	883665	956085	702578	191038	922192	288910	385678
317557	942962	764583	611706	702615	202629	531886	419760	146231	266765
679405	969001	797348	394624	178855	502141	255300	725130	683718	709942
587783	524244	905478	585213	985966	474822	57803	648964	935208	129438
144560	843147	211561	538223	495644	274536	962385	165538	978050	974368
594591	305983	702240	575850	583481	373186	578494	129769	56465	670392
904761	202960	859503	860830	22074	904815	511411	632263	361383	419369
105954	102710	507246	932	96342	677836	251384	560256	486473	282943
358667	185692	429600	863115	871055	185895	479483	630770	904141	775479
444076	381973	251009	136239	354245	331506	189018	649414	496620	456415
852616	758695	228795	702141	899687	522591	593367	687378	98915	291536
217289	600152	163709	398964	323603	30632	943152	11696	235909	981510
452536	879324	809431	753905	560090	687883	772260	798063	982967	394266
489495	43900	481963	34544	404467	960953	555701	121546	3614	229341
773630	109347	32476	435920	111176	107592	666159	405895	154964	478891
587478	960390	524421	617928	430166	165520	33662	435553	855966	329665
621558	965735	91647	76744	27259	627889	297478	135999	339795	920694
950506	816834	924271	330259	19775	283632	154721	419443	729033	340344
665590	61617	973723	424132	581918	134969	635283	922279	999450	935444
789168	376046	891626	768492	412617	596209	766503	161073	908993	432203
505941	860811	889431	153335	481444	964952	398395	101374	292426	32170
465173	315502	733746	545523	134514	98383	821879	83771	701459	376738
697523	822648	4667	476735	144089	260400	70337	93339	607950	933726
213578	253580	743569	775716	395608	38123	854470	463512	613940	225063
613872	942267	16994	63185	531813	28687	810733	162611	130696	896327
699414	398335	512370	810421	316181	157491	981310	943455	942905	257923
838211	137548	194122	249911	456366	605230	245900	149463	151641	736098
916728	522803	410590	455350	710771	458640	33565	71483	644524	378663
64164	136514	615070	158648	15043	933651	18297	495017	111128	282164
376425	972581	236568	863229	335265	527331	794965	166080	3676	680428
232688	225526	262205	362424	169859	938521	38505	265662	227303	680223
819929	786721	312427	180334	739035	366863	328233	700534	474155	995904
785544	806580	525830	816192	979103	680117	677475	353577	99653	781433
351146	493290	409653	193124	730681	392754	849790	137284	87494	895562
238366	393167	872355	528069	412397	547041	198296	953555	208462	174365
404047	252710	998729	927149	798440	43147	328159	162961	219056	817651
714340	351429	50400	792631	913536	66666	870638	781618	255786	236311
348027	413721	158309	662715	725526	877934	832011	688847	250086	944162
432238	834879	885185	270834	448295	843791	686896	72103	664929	448064
698566	121539	415061	713803	520986	9624	446485	954825	949558	184108
687723	873544	393742	858247	459486	315830	475136	458780	486348	564222
288238	20762	214373	227994	999956	656779	951329	620803	152109	224945
191044	76706	67058	815998	965525	139510	607110	388275	385873	381280
102383	825388	75851	372872	91693	480200	515927	206533	592054	218241
734308	893836	8070	756223	471441	369703	903893	113342	903556	784073
49787	248461	878857	213553	26262	749166	101781	3910	808756	91347
220107	655773	385111	796515	376162	224101	450313	452694	865016	591956
78925	892751	324522	641564	376891	450850	862534	608856	638723	204977
111188	222145	142735	549521	878614	244402	276012	644451	184749	621942
986893	983946	668874	736810	719952	193844	339770	994888	570948	951334
672829	580220	120378	585514	285701	29912	424780	201512	21614	774070
531922	143736	605616	656066	375129	400145	501570	314324	719478	359057
797502	387365	472315	355300	529963	46968	958363	857807	992946	604966
899986	81834	808533	537287	527819	386172	169774	544065	892681	793300
41518	849555	742367	124737	475824	735379	293154	191143	281149	77046
309646	640948	418642	362065	778111	976075	531622	900578	609447	213582
148508	146431	275754	852305	575390	96497	738090	984959	896023	644204
629781	96981	735708	287065	692524	874661	986095	134094	105228	220169
443799	521274	190251	160235	339654	480770	697013	707105	453258	71235
790662	31693	299999	555867	16641	154969	60678	820300	940147	846908
126376	983232	703334	87441	434977	695488	626428	543634	224146	162532
637365	10477	822726	841926	970628	642286	687416	33676	905728	784191
664086	89296	1320	304755	414675	585911	118990	75229	891113	352572
205273	361544	418698	393450	746547	335603	42140	612872	228643	560731
667411	617121	230749	351856	370209	417537	817215	323978	767377	501626
592644	158908	202111	922008	639164	470513	925302	987547	847989	775556
38416	291934	31811	291802	531959	519573	785955	336128	260718	258606
121354	393028	779501	563407	421683	186409	184513	197017	240388	896908
758143	100435	441611	70414	986614	943015	782127	542089	247760	692820
934424	608127	126443	953442	456620	675495	807048	956570	861176	825882
692758	523231	1597	244732	92988	430116	248386	695465	598121	223784
133750	473979	827523	51817	562761	263640	16127	925152	816543	991537
638002	284553	708108	266467	799821	347857	949616	967073	746338	811975
304363	71989	480363	81043	85734	213224	458837	692471	326378	231566
902218	53973	485856	194728	971561	828031	795609	365117	558323	572854
282580	885676	718454	453070	840860	451156	808485	578713	666446	760432
84800	670815	764492	40417	175663	316104	437138	168371	889477	842721
391305	792935	341001	941812	56598	627167	122740	950114	408034	890834
114419	120939	669114	881621	362897	138237	264632	593871	506240	275218
599671	527721	7068	37058	71897	950819	173259	395179	294618	695489
593168	330522	507950	60203	740102	808409	388396	343102	787204	521807
74867	616008	290038	579767	516880	364422	745496	444499	353420	69528
443540	79010	879132	880468	543867	480330	141608	662069	97531	721214
404487	76983	711051	648147	423077	507443	417549	538293	731155	163962
610444	932546	640422	37356	524112	980202	392279	850256	623504	593282
231746	36368	167216	777959	151722	711158	298884	658599	294259	263142
317552	345273	820935	598652	172655	666095	909114	619860	430518	194087
159199	202076	807965	248946	210433	619029	210625	233094	134636	887535
426964	528010	735732	528364	590771	459573	570598	967106	976567	272475
982758	585202	443766	481306	554144	684527	923828	77955	109096	963306
782277	323561	890008	976447	58023	244586	804147	247197	286989	122400
105269	508096	897685	434125	118686	993218	941773	663152	648384	39308
930747	45901	62709	837594	764203	839918	967642	482760	763475	924925
983237	68740	484804	945508	922224	518698	5115	803907	993022	816547
674868	168782	548265	826303	21983	398838	382027	948484	300268	512235
317326	476943	103946	762480	455142	596115	71209	895737	874918	543902
188831	105279	92190	23873	576042	877612	930416	891122	404008	683219
54045	225911	271729	690633	498606	569809	567589	511078	969633	701698
828531	661468	299520	244746	869040	265968	135721	262629	567014	915681
451507	339850	707685	518665	953752	486532	124391	173454	103200	281368
238080	716534	299818	663108	895901	179688	948525	102865	605128	483395
419400	169228	495019	45230	282637	336378	49686	302398	200251	556993
255425	970559	713954	535275	74882	264246	295840	142186	129756	454089
508144	180249	61381	42700	301514	516853	941424	3761	330616	223841
215677	154518	621427	958583	627926	24982	112319	104181	403682	319812
122872	369491	559866	830631	276179	15389	668834	649516	890355	713122
787174	9375	517550	123735	629439	311508	652013	217868	847386	798515
449897	23513	119447	877042	268073	572781	102863	623731	991752	998870
345664	23761	591148	403548	157717	482102	820070	577427	25849	856647
344389	76444	569692	29205	900117	463849	172192	467304	211737	898847
445826	726751	683975	639200	659615	420988	251248	478923	25040	415158
530433	892824	112481	497538	861672	118407	122671	585280	82674	824973
419631	929927	686179	111379	625141	296202	202751	479743	911813	817839
473643	15783	920866	506446	384372	281876	935807	80086	549723	37516
880532	61850	142696	789088	826236	322700	214951	889128	230597	146693
956816	493749	8251	362207	342269	679665	781784	422672	823475	269834
40396	497410	251440	151068	24098	184268	361195	847904	518866	822509
94306	168107	686402	778499	961407	241596	681989	191208	808426	100277
259234	198865	11950	132902	795065	494012	354490	353057	257656	679905
327819	602963	366971	917583	357946	517631	268255	896431	591325	111141
760164	622771	254324	907190	970876	284842	247350	104738	740803	309844
387567	111260	614714	478496	700378	115711	190330	856691	517473	897689
719913	302783	530260	595442	927887	871836	466911	782277	175955	201582
21643	103422	302158	107050	102724	772005	359668	930844	304355	534718
179720	440029	277381	156373	119335	5131	274123	922284	477637	253294
104020	367245	353253	162078	164897	85484	830493	875764	637322	290581
500656	894914	111870	422265	479153	7668	723135	338113	839725	892665
696488	886541	905793	771375	78168	826044	18624	250650	493691	293593
538814	720780	118235	984396	461825	882446	982892	952738	155781	356982
764634	195183	153994	865307	713972	258097	405596	38328	491924	399003
661992	464555	733508	351450	225830	723368	55219	931702	434828	617259
839594	527556	67079	837588	220320	265823	220252	825589	296344	401194
163017	875785	387210	278556	125817	852700	883844	70373	319905	444266
937491	877222	880639	147148	64741	194214	466922	624724	89200	296421
763188	688517	922516	791552	256999	598987	342865	926056	541350	508280
642210	261082	1479	698118	64410	872514	275967	362994	180789	60044
859229	859865	606492	293194	687003	659871	947196	697102	347810	305071
118049	923326	858871	461929	736989	45444	200976	91806	214150	550186
609402	475903	994349	823489	114735	160328	906283	707140	412967	585635
931430	610459	923860	448775	236	687865	97221	128633	461154	601005
910654	494612	698845	21327	403748	652369	75456	184087	340849	859724
444715	257163	89504	572741	420173	966662	298891	499855	629694	891820
209384	857396	130968	874344	605627	720994	522837	570467	857154	387150
941914	457057	300139	82747	217879	281790	601261	789660	338109	367661
852490	206383	215935	968776	68837	515726	980958	276288	844066	523417
34382	759282	203996	395114	377100	299492	812461	40527	153068	106146
485628	146598	675394	448576	204171	876300	264720	827894	711645	206483
184674	543158	393720	83958	150038	17783	189662	48840	467600	202582
718197	425654	244374	262560	567361	319541	972071	194341	247003	670858
687744	973905	257395	720392	300975	892823	151534	791689	714866	684573
233666	546066	447552	20113	633461	855359	60465	138857	795159	850935
580540	469522	765590	726605	828666	323861	612171	935176	932535	577339
965510	771581	6904	166842	622533	383209	19802	298562	272734	937318
285409	956478	72658	390813	195612	182472	136098	432155	294997	687976
20278	457604	737704	856617	539370	642629	526876	681762	164623	710831
350100	645784	218879	363676	806697	968013	121192	648928	878300	692935
654520	499195	872955	144522	639814	82907	994351	100657	890439	80235
650009	305207	429309	854565	855814	935940	891299	765767	400760	726654
610107	378227	921778	226246	713378	277856	174172	802562	940804	862253
541608	841798	820838	788225	322111	622395	364378	434043	404772	599654
606727	495099	565982	796372	697769	15499	434706	907789	546753	715787
527652	491014	896236	826962	412740	148618	297580	351684	132963	482332
539665	178467	691816	892770	574964	329879	860420	313531	295039	644333
720029	376571	678908	521843	282216	649517	669877	690491	816206	172388
536308	222177	967333	943077	63423	33926	242395	563971	479412	613651
126131	90227	338951	411411	73471	295552	734684	294281	890831	109323
612253	886167	824355	556346	412061	294058	935767	352464	85850	908985
913966	685204	119542	220554	73544	180329	754746	40948	265649	536588
461331	75478	715416	863783	274447	965962	718960	275304	209946	404928
46264	514675	769623	548414	443818	179252	864858	731029	614949	617287
187411	540944	144207	707500	731837	703694	411287	884875	275417	825905
325141	430589	103558	317703	778407	877223	54330	623036	152602	632375
180360	560227	974787	268327	337787	642602	711212	274727	591171	157457
166056	102658	846957	334287	980194	347576	495019	788346	210713	684341
140488	289734	684864	259544	493962	409646	117623	596945	861119	335602
388926	371347	800028	134690	595884	390193	789291	91300	837770	975939
622673	867649	831325	208652	542818	231932	178443	881023	762472	664922
580433	425747	688316	867402	400535	681987	886002	947652	762841	167956
677103	119225	599509	780046	512838	958279	607180	502535	203759	577208
689402	748320	412055	178633	253214	707663	462312	181434	71897	258083
187994	828610	346527	132493	954458	469573	982357	573571	323905	941622
985085	194722	558075	290316	165542	389479	162913	493814	800320	461504
987835	933630	554702	921013	3059	757945	74995	117167	43372	860113
38855	32070	682693	359929	763436	798791	745834	668144	873380	888631
733186	885358	189831	341931	259027	362680	286409	695215	331096	712097
139807	567507	197552	944570	859576	812454	838665	602468	458929	674152
790863	260245	160572	340577	605205	468206	581917	984982	46488	381089
352313	407850	827010	221278	446548	416629	670118	203813	833619	803422
574934	733807	328495	12689	599846	681750	400740	744892	576149	252414
315426	16929	99621	316921	630686	991673	861916	719970	571109	804555
72071	198553	86772	531192	482121	785147	433802	442433	908141	40264
81832	701692	796055	413166	897165	908793	498690	980646	140576	279804
660834	108146	723083	426352	220377	185493	340789	106186	132142	243779
764810	266874	913596	63330	355434	301988	400606	643903	381745	591211
312196	480633	904497	243421	348462	693201	722619	553467	321910	687930
174376	612901	888164	768978	352272	917547	562629	868364	170872	754136
893169	973230	354857	807844	799623	126549	244654	330417	400486	512060
639043	79322	25832	411408	689688	51980	696993	347504	89132	453851
713920	66032	924258	233741	477380	664574	131143	95765	172205	365410
134887	362215	835103	354979	463535	407645	967966	29136	586372	886252
159905	736972	533254	644447	894906	618788	766099	571028	33087	468440
320318	162370	452365	323733	959863	706630	58230	167257	198138	650025
22749	680140	603127	707373	579534	927558	799106	186757	69449	824876
480988	992007	353939	188364	187277	459986	382679	341350	694660	414479
864563	361961	184507	270615	972723	952384	765027	23951	273205	875874
783792	93275	887761	401777	541265	898015	948898	11466	514149	427282
858865	40543	497052	681207	801193	370711	676185	487151	596064	574180
428636	955205	172271	367986	341222	221667	253613	142245	220845	201975
917097	926803	939122	857628	189518	705927	482384	386837	84734	107933
870609	143399	230917	214229	146622	616068	573095	49229	679167	9133
749582	610669	372886	777828	183532	636373	451451	991973	338935	736293
784407	326736	153602	336510	451592	157605	571357	740359	153787	460649
357257	837432	549510	786019	17358	811930	832319	142672	816822	905311
397789	80206	282611	450406	182520	182862	438248	835866	92942	268319
734469	947762	191147	476428	352611	561824	135021	941327	615878	155411
128849	553827	659956	702579	828588	831052	268552	484070	869233	74326
537508	951060	410067	196182	909766	490164	522559	988167	228850	615810
471172	80241	924590	990288	32629	62719	496430	34552	906840	473044
308215	279836	675548	541742	859632	437063	898086	949898	190339	440371
674974	619565	297229	753323	188864	256200	57626	907811	378808	962161
128338	911103	815203	787604	468659	366064	893077	352087	697980	739908
235200	461293	192490	451554	179491	843798	947030	686941	7099	826381
216063	772384	782694	460887	211115	375059	414840	728850	86057	670324
493841	1551	938593	198420	997761	467397	295195	855060	833073	141594
571933	517700	793079	794445	28136	78835	665933	369515	342055	890690
640934	807128	30707	207561	493580	431091	570187	73232	349318	509399
43651	257889	397000	448822	830202	43554	266428	487847	589693	492169
368893	879444	788068	280362	308809	636173	264798	57443	931420	91962
21287	642915	706740	935990	214682	108710	495266	262400	368478	874624
253867	4606	481853	9590	423749	378517	610593	444731	146076	747272
680677	560526	940977	616664	960984	238669	477375	369123	753531	117346
197720	43986	755410	187746	611730	954770	915235	804439	396532	608498
360702	270200	876478	699080	222406	996452	624636	697274	398705	902260
755389	693785	145370	440191	216961	125521	254831	238649	109545	790114
562176	533614	519136	572840	245143	829687	883420	837545	596071	229270
270953	338022	828094	554564	879102	403396	451413	365863	172397	219501
242038	491717	580030	431372	714689	264983	755924	801293	217300	381949
883456	743337	189973	729933	692293	438863	372775	988315	764914	425735
126888	922721	89832	46409	148841	843296	859874	740343	820909	786846
347001	700614	890484	428534	926510	294255	165438	194909	107761	404070
238645	672445	396662	82673	821138	789917	382521	255137	733257	705053
344739	590801	770884	351918	333092	132783	170112	470572	796701	452386
842490	762008	231537	995896	551813	552320	47353	846477	750966	306743
158378	402163	470619	943718	283769	795010	895156	282794	350069	691263
899127	372572	709841	729377	152909	608629	910976	840051	696820	552417
294273	388411	561667	287828	83666	251689	296666	710538	69155	107159
181869	503515	883251	135165	773337	948591	259617	287339	108435	557697
609164	804326	700737	535190	235733	659326	518233	450358	400748	321808
917717	8213	24397	916896	541516	127589	929913	755624	466058	331355
842928	486619	925307	504413	91609	930652	47852	116882	135879	322519
237574	802049	433852	25265	575603	819099	824226	496740	259688	578766
471947	277134	705048	237950	153329	963368	674275	612442	837802	403620
579137	614501	481674	698246	695838	10007	509264	783292	981347	35419
351711	742554	764497	514151	179258	587984	838002	227046	330139	566930
466512	328353	565487	353152	391290	436122	572675	75483	642459	876242
43969	239108	136545	51924	674852	430886	482376	320388	390937	208644
813569	193002	668357	883630	519095	80329	313582	246503	978086	396778
620224	445377	961784	407958	833170	167694	755735	37181	174620	684798
369015	89966	792016	959046	371176	731915	818697	987358	391380	867352
407392	259075	717278	455471	711151	569947	348226	858884	220106	243238
586566	955579	64580	464911	476889	24990	837942	327710	812416	595055
596887	242170	4175	962067	360274	878906	43434	55842	864908	871221
49181	563390	242568	383674	477212	375222	853303	210600	569987	963525
798505	20268	62552	507519	239103	315629	570195	215868	475592	66934
581022	792961	994660	783870	68700	761634	660646	659964	129740	873430
29803	721973	133990	919301	706830	82990	904313	77505	392818	140501
711617	232642	605388	835824	102804	6039	623303	574630	697258	883905
654886	422183	184701	717536	467753	917939	342532	492379	26378	202964
821204	903462	673901	26673	841356	112298	283126	399090	981425	944237
785479	155807	772957	260363	670981	342352	693178	834460	101986	29096
946718	357002	860937	785438	473651	172959	40178	784095	824802	530935
87211	632030	337078	623882	418556	428604	872039	36062	402039	532736
244409	345532	111977	464673	894659	982822	654093	338046	429272	628650
354899	872316	182284	121332	973953	204631	403648	863852	642607	714659
925528	629013	659626	376887	952652	636001	361819	165581	104898	841487
352283	899990	240585	80259	949412	270252	785307	754528	306677	984353
106868	520338	549884	680589	48167	910667	66679	211933	389807	403010
392866	883075	836912	618589	640575	189870	866928	277120	474655	965422
760599	237583	194550	342545	563782	661106	802198	989871	374662	721740
348982	541132	362643	737494	788648	50243	785146	353449	594389	928826
918686	471209	917278	891577	1616	371744	689852	876105	778352	950759
355238	484166	91181	947279	482547	332406	873350	142959	147258	442984
232781	872798	759039	231644	328450	631064	165687	144616	284948	821007
360842	943269	778497	283661	974559	486894	462552	658199	927932	969956
654871	216508	427823	982279	120683	346745	851971	408636	43193	167648
926193	909866	873975	22090	201119	471229	86612	769718	961726	467167
141309	957825	414198	420798	957687	124279	177286	341932	86251	399233
694703	897394	42308	723218	631957	653559	510398	61169	159193	447777
236763	565367	833864	445140	676833	250351	299065	949420	615331	608662
79981	387149	843340	970028	274902	296883	123795	248264	587901	807850
35101	507333	455905	728456	495288	525496	125509	966181	966147	832525
136668	326873	213080	336653	185519	125800	952129	302301	381652	115526
569465	37484	390955	824810	617481	640021	824725	672735	804354	793307
795737	243360	267203	667526	808555	153339	181800	875824	756481	862335
753608	242244	61362	779244	873730	714337	525767	151384	473300	170249
955526	646892	435710	565556	217937	280370	231617	87750	723972	429959
566870	758955	931680	551481	324732	453231	647273	111343	394000	117588
911039	433567	446292	225678	139491	583822	660756	688820	403014	214825
989476	503376	897299	26243	897970	39157	940071	927838	728861	967829
620326	701240	13669	843729	289942	903578	988364	904202	846271	39442
409704	291767	708815	899964	363830	641512	85435	777284	687595	166583
3136	21581	617118	726067	39268	156214	30536	753087	14034	600100
838991	703793	618177	291061	701843	458764	934528	427601	334729	153586
279924	423096	330070	320037	84263	392169	305780	462404	449628	339695
218493	584630	951877	875862	408044	946135	928357	1848	223813	320757
663500	916210	165005	3589	875640	692448	99017	24732	527043	663712
211622	500015	208105	265395	420430	518689	711665	255967	983695	510681
28026	883794	105974	769718	958542	795347	771709	498561	778913	776531
187819	300697	158459	99733	516341	411900	170547	735253	352514	178531
344258	418425	473503	587216	718781	791486	644850	756087	700578	325561
104409	452972	864316	330948	501090	66254	422973	972656	240075	370132
60889	20282	954779	224515	924201	757080	582130	258045	869141	918317
179423	886673	769309	344476	268957	963956	679103	339219	607164	117807
369955	618274	553902	414977	551932	683499	432367	331327	845245	170399
787124	138839	939482	293876	934942	756674	597585	103945	364144	554039
460689	856504	297157	139370	474710	692297	262726	108527	299396	299874
994736	133884	130946	97364	967042	487149	568330	989100	292687	368009
815323	682895	204254	453315	983493	206431	376958	276606	959799	714532
529761	268870	880612	954635	423931	742960	700163	573608	9486	617810
232544	479210	917122	874603	711075	440370	256644	394073	171159	501416
95185	721105	811184	973330	898185	450084	368277	623525	109829	491493
736942	651146	627392	37555	211441	232186	127794	448124	528119	54495
769511	961061	912596	875137	962750	409579	294703	365508	450638	582112
980024	414390	6556	788687	391744	685317	937282	325423	908750	76282
273516	673029	651708	375974	846159	48742	391668	588590	419954	311760
561092	868250	997500	166653	664325	93106	686737	768689	621568	744145
897764	945674	50208	672427	478867	654619	161420	664155	72985	390498
693420	863757	725122	25095	482210	815896	212527	651252	250878	437677
566225	685318	491905	706813	894048	12550	415385	652296	903389	81136
329007	914166	4552	514865	860206	81121	943334	381105	585600	661308
575035	935419	672138	206569	623176	492445	918609	894946	242266	414576
496288	318877	809991	960308	66753	754938	912097	821830	21590	93564
126265	116950	891897	877807	783032	423937	457952	12347	649959	50443
36827	182829	55289	222794	499279	283513	366868	634628	77681	710107
541359	111482	895656	736944	435588	184360	647041	193031	573023	399548
338795	455721	922898	792659	272070	781890	330034	465001	994470	539335
562984	904560	588873	60866	227282	96717	524037	893524	708738	428411
877483	702668	619363	875565	592224	319085	443423	553998	375487	99181
365004	142626	349865	432335	478134	159460	50019	671215	884631	377478
583197	548434	673388	976443	911822	492162	137973	346756	253240	746384
31394	732296	701120	842211	802147	289115	308777	521753	589331	356236
964419	891189	709759	179020	354367	433934	28983	425234	621270	560855
23881	357211	408920	27243	334566	252915	436969	981803	119465	457785
68713	967476	536811	406329	548927	260892	379517	303302	287346	578795
891629	590247	950315	850081	672540	43500	53139	157424	868038	334659
99918	504907	799855	290586	473646	463140	695207	706311	994074	799956
479556	97341	748818	133968	420545	170976	762811	820809	6704	907135
737759	88499	57393	882684	554465	232539	734212	570943	416670	651623
439927	324594	658004	591661	95459	637564	973353	837197	740490	757405
807976	179686	887883	555374	986625	152184	79199	770881	224925	517238
640868	924085	649122	266309	514466	685202	804599	492939	289738	706324
63659	420640	198719	192894	772102	398373	432269	255024	728366	486461
971331	238741	588559	900014	282908	999500	565903	259930	877611	538307
410378	959412	497574	24444	597922	288359	159155	769004	848719	680217
85738	248226	229289	57630	590680	544490	849856	711321	257312	797147
807788	107302	39902	802902	334884	102059	650421	389887	402124	2487
698491	187939	121361	849540	835469	15032	20253	28491	938344	978772
491573	844893	328141	421103	970373	793529	172289	101884	352562	745054
221295	100575	427160	796799	576908	331842	253796	914590	829357	68282
289889	404260	449935	120605	590330	825262	787259	976417	975407	424911
368671	262120	717664	200175	504140	917043	610871	561562	909314	670449
393954	783300	601833	868775	36482	561487	116186	489915	194946	475512
682074	893261	860891	467246	86935	515254	611681	428135	847226	557837
354205	976482	849827	80332	395315	378688	475274	900923	425257	234332
932216	564712	104347	672230	14826	369799	90876	851358	465895	152639
180057	593972	796321	799090	697611	401701	608307	851489	3490	226820
962506	757075	562431	621568	717394	249693	327758	613155	304149	350399
852485	65271	771642	189863	429331	992614	399045	288912	608776	825005
432376	184926	123221	971091	220565	323296	727832	999047	260980	42897
408222	127990	999533	640129	115836	356886	495955	500304	776093	564219
101938	306291	576748	984003	287722	889165	418073	946685	958988	97303
223921	965796	500620	54095	478768	184857	218289	917410	751684	882274
630441	631250	746323	58557	211286	856511	381970	702202	795853	689835
348448	27913	675716	181991	267078	893057	412320	203244	178230	300192
855089	754979	161767	989144	247123	243643	312305	81835	348138	704842
80148	18330	634323	707988	257625	857573	996419	18509	351984	913871
460412	811170	977659	519	184598	521793	883575	708471	409491	898468
104243	970196	871382	901214	311528	571371	177339	984197	943337	236613
368472	951281	27390	136516	646299	170935	303075	14874	120564	353379
870645	762497	390781	376958	753425	970149	272993	120029	165241	789069
436928	608178	699596	219859	282010	249762	1734	750032	392626	389068
831291	900809	950178	680846	936294	772447	166920	860358	440349	507273
324516	691364	739793	929131	836046	838600	803103	559361	57000	941147
925685	232518	738695	738308	750218	751167	110736	244796	380602	929604
875866	538776	223840	168980	39636	859999	794473	232683	273008	969698
730140	861220	516778	248863	996443	777337	314198	822156	408906	336896
278817	176834	241571	318039	671928	366585	929930	646973	191056	1180
871923	231456	210622	435223	979237	178818	169166	253415	438886	765343
762005	415942	116700	746544	506682	518414	665231	500513	969822	178955
508075	19437	879989	85235	803073	590001	403304	655499	695836	556602
937671	128898	181694	774138	626747	447644	966649	94827	494015	894038
179960	409243	969846	536359	956921	268240	524223	654932	445256	923069
483778	716552	25524	781259	2285	598301	319444	979128	504755	584361
549275	176535	650512	882461	731758	943656	873418	880996	854093	84507
847936	806869	94647	852363	637390	615513	356534	573045	244177	718907
40453	286345	763787	544199	368288	516452	186283	419833	578327	846092
127202	173666	570199	687753	107850	213852	144966	185719	852555	884105
317502	664350	260652	621069	789663	282299	390737	738948	532878	268354
318671	332886	421631	480173	531850	664138	181731	373847	58408	221114
266864	239863	122560	308925	910163	939073	653000	97448	537805	396620
881762	838177	429585	249407	67826	32444	894323	811708	418103	428228
436969	51882	591845	307402	564127	715762	642466	909809	293411	883767
491166	113137	515900	671124	846701	581487	644692	920468	633317	485823
196253	307366	915638	178289	56466	351419	485445	942372	220129	512598
655160	496819	423035	126294	70262	477587	671853	737748	274865	46791
672022	510297	50806	336795	50087	728616	162042	566534	921045	820866
304869	602485	253390	781805	834129	399264	408415	965951	714662	285216
474457	973640	859987	486690	278524	880395	731125	915262	194865	810971
53166	661213	312140	590750	356791	354196	210839	525810	893810	569026
408253	145393	705244	637904	925814	588395	180285	453681	944640	377598
582412	83529	30946	72937	403705	700135	727966	188936	51450	319124
651107	34146	739006	906466	668922	281161	494055	787653	100026	352817
919695	499540	347388	720212	690612	604837	640502	581458	933327	726388
375416	582455	106238	513851	225932	290424	602238	577785	729833	281578
495207	331528	408569	368520	288868	478115	904598	266150	168394	921902
786889	835506	366777	51484	967569	514119	768159	409360	811280	242696
233899	76311	38111	624265	387286	49185	609604	499599	845247	773323
70747	850315	777248	409361	750140	368549	72855	889353	823469	395879
474306	243260	343417	798308	232575	703422	753836	809288	797625	490022
61116	90045	119322	241058	357602	495257	933774	317441	919780	832015
538704	999432	176957	286572	246229	432692	297214	642575	803383	601989
970026	357223	506593	452598	805027	726844	753707	396875	142727	61203
819551	996868	115814	69774	808982	5716	225553	170488	166559	35650
692772	421576	477041	146983	988887	134831	101790	294599	924332	839803
644581	631298	460221	217573	336098	462298	89691	965664	87519	102021
825132	137479	460095	143126	418577	834589	16200	518206	716011	909739
627073	415220	515741	121183	698285	203842	27008	533953	595765	245993
179816	153660	655908	935224	672364	728313	99331	773157	223433	223695
885064	918399	517305	412228	194472	557618	872855	570637	584162	317004
440831	31480	823748	285581	134524	111333	878024	963076	385059	353203
595746	235797	81448	31134	514464	346450	286225	452381	259661	833466
105455	114902	37602	456497	469639	685293	821889	750366	485893	338513
353117	362026	20611	461433	105272	949484	25635	948005	312972	752841
332205	714184	838546	496519	847033	457018	78535	725700	103623	794848
179541	67896	355264	940240	973566	308164	349167	302195	366861	530860
219443	546716	430571	217882	700364	134059	35644	125000	415054	189787
942293	909839	216933	503088	89645	992079	456556	881203	627953	325363
939942	446274	587872	512234	921347	474361	743685	100968	910442	764334
588206	393404	881122	831635	899742	193226	899751	401510	554631	968588
651266	521572	111898	596769	728136	591049	591682	519360	221544	24664
625317	674447	359578	793948	965081	531274	111490	785910	746316	633258
781782	838912	871099	898941	317258	706356	911001	151290	740327	392065
507097	115171	63214	626228	404220	51345	634995	788615	820412	792378
304713	194558	502530	890474	965074	643263	81770	198341	386170	632723
874920	381062	246889	689293	444012	442039	991192	651053	606244	438257
977442	237944	311809	254569	678466	285766	597123	39989	678567	638548
668373	949641	49407	748810	865691	864962	296424	275688	939955	572809
817547	163915	734382	914276	801329	376137	588655	612682	779669	66994
73675	241482	46439	830040	780241	397193	62463	479351	349261	640367
836819	97530	84486	418242	56694	299069	712701	521058	671211	63754
946705	641153	640978	372427	14457	189082	24071	771293	887249	482769
380075	994871	404861	908372	890147	400645	49514	619659	423276	753753
976229	277920	384909	997275	99455	615803	407154	466269	716573	235000
264341	795291	979799	486802	235800	172777	301764	617728	788435	532396
309429	944906	677024	392830	577682	406451	208275	635067	228015	958175
694117	202448	46604	366676	666382	856242	860804	457433	450964	884992
64579	598254	900498	388133	732466	254987	275105	744709	147512	450080
609614	554794	69567	36247	233644	143806	320273	881176	511535	904586
484207	271604	880587	278883	604304	953127	889326	280178	498338	504637
988210	747546	900293	727625	69760	704249	425305	941254	534989	63356
179832	727163	997038	445854	95168	810078	135500	957088	67692	31180